083020090000800100029300008000098700070000060006740000300006980002005000010030540
200050006010000090600801003007090600000703000900080002100000005060902010003060200
590000007040010083008034900001402000069000820000109300004670200980040030700000016
006000200900000004243000896000591000002080300400203001300000007000907000010408020
000000000560000032230040079000060000070501090000708000053000920009806500700000004
000310000060097040001420300030000502786000139502000060003059700020680010000074000
076009400000801007300000009610307080000090000020108034500000006900204000001600790
103070002000000040090005001020100503007000200405002060200800030050000000800020709
850000031000070000000809000003000600970301052000020000100407006205000307000080000
031006009000040060008007300184070020000000000090020148005800400040060000300500780
100605009000000000053010840000951000000060000002080600607000905300807002009000100
000030000560749083000802000000000000001608500090307040300090006070103050005000800
074800900001050004500000063000305008060070090900106000730000006800030200005004830
070000010000040000600208009860000091300106007002000300000070000050804030906305702
300090002020104000000300700603500080870000014010007605002001000000905020900030006
520010007080040032007500100000000700410060059002000000009006200360070080200050043
502070430000400050000020700400502073000010000970603001008050000010004000059030807
040062000900000020026300480000004870007000600052800000085001360030000008000530010
040280030010006007609070008000092000900000004000740000500020803400800010070035090
000600309306700010001004720900500000010000070000006001053900100070005804809007000
030004000000800020900026400100000050049050170060000003003740009020001000000500060
000000407702000090059700030000186002004090600300254000030001920090000704801000000
040607080100050004003104200006803100000000000480070053020000010507000908000030000
024600007006070000003800560000200800300000004002001000069002100000030600100006240
608000301700050002040000050200608004105020708000070000000000000810000079070103080
003010800900050006700040003000104000070000050090578020040000080107000905502090407
070090040140208037900010008080000090201040603400000001010000020000629000700080009
000030600040800901006700005083000200600040008005000490900005800501008030004090000
001000008709300001008701093000160050000000000080049000830402600900008205600000300
004070900700020008000000000003902500450000029090107080040000030006304200900080001
302090000080000000407056000030007069040601050670400030000360501000000090000010706
000003500036405070100000060610309040000040000020706038070000009060504380008100000
700040006000759000900801003000524000030000020400000007501000208080000010209000304
009103002000060830000004009008000020910050048050000700200600000096010000100207300
000000000007010200800603001005908300000040000020000050001762500500000008060000020
078040600600000590500610000000000009019402350200000000000038005065000003003090480
007000500000080000900070001025108930003000600009000200000503000700000006010207040
000000000012080450005206700004801200000000000290050068800000002000379000063000970
021408000004002730630090000000009043003000600450300000000060074046100500000804360
000080000002000500000702000500000003036000740900000002300801007008040900095030680
