080200400570000100002300000820090005000715000700020041000006700003000018007009050
600050007030000000080409200015300000008000300000007590009501030000000080200070004
210950004090060037000700000000000308920000015805000000000002000680010040100047096
024000650100000007008010900000000000260090083080501070600903008002854700000070000
000050000000206000064000390045000810000020000000107000053000980090804060100030004
108500406000070900530004007001060008090408070800050600700100069006080000904006205
970306042805000109000050000207000304010020080400738001000905000000000000100847003
040000000086100034001500260000305840000040000058902000095008300160009450000000010
045900000000710205020003009008301026010000050360805100200100030801057000000009510
900801005000607000870000069490000057080000020000375000040000070008060900109000603
000006007007050000054090100090304080003060700010907050006080410000070900900100000
000000000003702800060354090089000160070645030000000000040000070200506004000010000
060050030000306000007000400030000060014020790700000001000000000900147005051609870
103600400590001008000200000809020000207080905000070204000002000600800039005003802
500000001020600700780005000904001008000908000200500904000300017009006050600000002
300005007010030590020008000708000000090000010000000902000900040032080070400600001
600040001030008700009700000003096000906000103000120500000002400002400080400010002
200010007000207000050000020005020400001549200300708001070804030000000000630000085
200040003600239008000000000029000530850000016006102900070805060900703001000010000
869000312020000080070108040030000090700060004001902500000836000400070003000010000
780000021960050084000000000300609008097080130100030006030806010006201900000000000
024009030000600974000080020001040000207050809000060700070090000539006000080100290
600589002030402060000070000000000000102060904006050800800040001010000070750020098
030000200001970603540002080002000090010090030060000800070800029205039100006000050
030000080000791000005000700004080500001204300200305008002508600000000000503010809
090000006006890000203706090100020000054908320000070004020607809000035600300000050
013090460800000005000040000200000001970010043060705090089403710000000000000678000
400000007006030200005702900850473026000806000004020300003209800068000590000000000
490001300060009008007380090080000700036070520002000010010047900800600030009100087
000000000305904601040010030200000007007163400000207000020801070806000302009000100
300006085970028030005000900790802000010000090000109048007000600050360072640200009
570060003030005060601007000053000001000080000900000270000800402080100030200040019
040000590890500062305002800000001040006090700030600000004700106680004057073000080
004009300010030050800700009006800020005000700020007900200004007040050060001200500
000500601000030700000070025300005290020000070058200004810090000009080000602004000
000709000200080003070204050800000001000501000160070045050000030030000010604090508
200900000800503000054706002008000009097000420100000300300105890000802003000007005
005040009420703000003805070000000006040157020100000000060408900000201087200070600
040137020007809400800040005090703050630000047051000890100070009000080000000906000
057038000006100207000090000630000001070020060500000034000080000205007400000910370
