020900000048000031000063020009407003003080200400105600030570000250000180000006050
100800570000009210090040000300900050007000300020006008000020040071400000064007003
002000800005020100460000029130060052009080400000302000006070200700000008020519070
802600009000058000006000401090406005020000040600203090205000900000970000100002804
070000120100000067000200004200040070710030049090070001300009000950000006067000080
054608003700004000800000020690000102000010000203000047070000006000500008900306410
000159000015000790000000000100405008280000067500728001000896000098010420000000000
000000000340000091701060408800000006010000020600205009060107050005020100030090060
206008309001002000700004012942060000000407000000080423620700004000200500309800206
100009570798040000600002000012000008000000000500000320000300005000070416061200003
009610720001050004000000010000400109000185000507002000080000000700090200045027300
002806100000090000300000007003000200600704008820000045000010000140080063030050080
010609070020701050050000090200000005000040000604805302060000080009010600000502000
070090050500010006004000800001904300003000600960000085000000000006807100040000030
038000006290010000540800100000100000020060040000004000004006051000090073300000290
004060900860000014003000700000000000950642071600080002000000000025000680480010059
450000027000050000006040800014709560090000080005020700100203008023000190000090000
060070080107000503050104090001000800600305009034206710000020000000907000000601000
030000000002379004004008100000080097006000500520010000008700400100834700000000080
800000905039080620720004080002090000070406030000030100090800062048070510607000004
300006089690800070001200300400000910000020000035000002003008500040003091950700004
010006800060000000324000067000048090000709000030210000540000376000000040002600050
087000910200000005000809000000030000305060802900000006800010007060000020002674500
008509600760000094000000000000040000090802030800000002070396020009020400030000050
003040900000207000010000050029403570580102093001000800005020600000000000060501080
000030000092040008016800200500003700000080000008700009001004970400020160000050000
200709005600030002400000007002000400000104000000567000840000063029000810007000500
009040000080000045400005639000520000030000050000039000794200001320000080000010300
540900006000002708070430000080000901009040300602000050000021080107600000800004027
000402000000709000052000930023601450400375006000000000000000000008903600306000702
000020000059700420080031060006000090705060102030000500090810070023007850000050000
007890100030006080608000503020000006900010002800000050702000309040900020003087600
270000060000500900000001005608050700000376000009040306900600000006003000050000084
000709020050008309008300000092000074000040000310000580000004800201900060030801000
000809000043000870020000010300020009000308000010000020607000402084205690200704001
009370008000061009060090700000004000530020091000900000004010050300250000100047200
036000200000084006100600004010090300050406020008070010300005001800730000009000870
920504038000603000000070000105000806400108002007060500002000900740000051300020007
000000000418060030270830000006002805300050007801900300000094063040080791000000000
830060004000902007000310000040000280103000405028000070000079000200401000500030061
